3961802244 3774724750 90737174
3164426550 3931513861 70563571
147221566 1279409424 704464
1394834067 2074132435 40845148
3795834030 2142537807 47621185
4083197470 4095560143 199407153
2722903919 2876212954 93296050
3467494732 2775293966 100918988
1809650294 1815421878 66426374
505665614 275280169 12031240
2142537807 4002077432 60985377
1577608496 331482268 177958690
2590855103 2196397738 132048816
1942888942 1978207624 24340152
756722275 120895382 4815243
3435289775 3899308904 32204957
1967229094 715059087 147748489
3955563498 2190158992 6238746
356096070 125710625 149569544
2520387506 2704826369 70467597
517696854 2041922514 32209921
1755567186 0 54083108
348569226 1280113888 7526844
761537518 1597328127 34415327
1114796271 1631743454 128592301
0 1494456232 102871895
1070625412 287311409 44170859
549906775 1287640732 206815500
102871895 710084154 4974933
1298474695 1881848252 96359372
3843455215 2549697361 112108283
3761987050 3865461924 33846980
4052539418 2674168317 30658052
1435679215 862807576 141929281
795952845 1004736857 274672567
3729489716 4063062809 32497334
2203523184 3085216895 316864322
2931907860 3402081217 11267883
107846828 2002547776 39374738
2816199969 2969509004 115707891
3568413720 3413349100 161075996
2943175743 2328446554 221250807
3234990121 3574425096 200299654
4282604623 2661805644 12362673
147926030 509440958 200643196
1876076668 54083108 66812274
1243388572 1760335755 55086123