3507573 490548898 11693081
545755853 699222305 569882925
3794976513 167435410 77260251
0 1526297837 3507573
1335234764 1766508370 36536350
2131780538 502241979 64264976
3707588652 1679120509 87387861
96082543 2288930706 220305732
1371771114 1529805410 106547120
481810045 3044354609 63945808
15200654 1426594789 7560739
3206337878 109359655 58075755
2445677382 2019348918 269581788
1909096745 3571407035 4209780
3138678479 4049712539 66833109
3400069156 3490205314 81201721
4084645800 3846924477 65868498
2353535073 1434155528 92142309
1716598669 3935506457 114206082
3264413633 4116545648 30901597
1913306525 3628450464 218474013
3205511588 3461720938 826290
2748703371 2770603565 195642711
2715259170 244990096 33149766
1478318234 3108300417 88629505
22761393 0 73321150
3295315230 3575616815 45887125
3872236764 278139862 212409036
2196045514 1269105230 157489559
2972004168 2509236438 123906332
316388275 3296299168 165421770
1685215763 3025113077 18894296
2748408936 244695661 294435
3704521599 4147447245 3067053
1215008024 566506955 120226740
1830804751 3912792975 22713482
1704110059 686733695 12488610
3488217401 1803044720 216304198
1872711004 3044007373 347236
1566947739 2652335541 118268024
3481270877 3621503940 6946524
2944346082 3462547228 27658086
3095910500 1636352530 42767979
1115638778 3196929922 99369246
3341202355 2966246276 58866801
1853518233 2633142770 19192771
1873058240 73321150 36038505