2196302869 3170532562 121192468
3065704582 2916528129 254004433
2858667310 1154274853 9085577
3789349818 1163360430 70779786
2064226029 1434838179 90165206
1448515654 725716988 103420445
2690533041 2124509945 168134269
347894075 3345882022 38285799
3966625235 2618593488 35838159
4186823059 4134088017 89981817
1701108140 1088713231 65561622
2589948930 2518009377 100584111
4283393470 4230658428 11573826
0 3384167821 347894075
1638541363 2061943168 62566777
1296314418 573515752 152201236
1065865126 194284013 230449292
1766669762 1991838394 70104774
830054797 2292644214 110248534
3595088014 3291725030 12245358
1978385607 1905997972 85840422
3607333372 424733305 148782447
3511869770 2833309885 83218244
4134088017 4242232254 52735042
2154391235 3303970388 41911634
494720868 3732061896 335333929
1836774536 1234140216 141611071
2317495337 1633544379 272453593
4002463394 2402892748 64932431
940303331 829137433 125561795
1551936099 954699228 27518372
4276804876 4224069834 6588594
3756115819 2467825179 33233999
2867752887 0 19073457
386179874 1525003385 108540994
1579454471 1375751287 59086892
3319709015 2501059178 16950199
3336659214 19073457 175210556
3860129604 982217600 106495631
2886826344 2654431647 178878238