336906655 0 11018487
4177510177 2085057023 105144397
1299579245 2985741466 175347598
643133711 2270603056 161424888
2404489601 1000033728 105953201
4282654574 2864154964 12312722
3409171342 3327025690 30826088
2119751049 2190201420 80401636
3393269098 3357851778 15902244
82121354 319849190 39107402
1953814423 3161089064 165936626
64524116 385149760 17597238
3439997430 2057119912 27937111
0 358956592 26193168
347925142 11018487 93152804
1484466972 2432027944 360604841
2510442802 643133711 347359888
26193168 402746998 38330948
1190305465 2946259551 39481915
2200152685 1105986929 204336916
3467934541 2792632785 71522179
804558599 3373754022 385746866
3539456720 1310323845 638053457
2857802690 3759500888 535466408
121228756 104171291 215677899
1229787380 2876467686 69791865
1474926843 990493599 9540129
1845071813 1948377302 108742610