2988689842 4194451945 100515351
2936009234 3353543976 52680608
588295233 2638661119 66434163
3932833115 2936009234 88315480
3525561241 3331695912 21848064
1622262003 1969921080 210668061
2160566101 909457337 162053391
1832930064 1887384181 82536899
3625461917 3024324714 307371198
3547409305 3680043285 78052612
1915466963 588295233 240773057
3089205193 3758095897 436356048
4021148595 3406224584 273818701
2156240020 2705095282 4326081
1164190025 2180589141 458071978
2477360206 829068290 80389047
2322619492 2709421363 154740714
654729396 1377923552 509460629
2557749253 1211672006 166251546
2724000799 1071510728 140161278