977891457 1797846421 453265654
3607226990 3913974738 161345346
2303244644 3266224873 12707372
1537599301 3278932245 264559714
354466514 3168465761 62294113
747844586 3543491959 55668994
2982698313 3599160953 269886589
2067998119 2251112075 27763866
59336731 230685734 266868096
3768572336 1500157846 31849471
3856743875 939537646 438223421
2095761985 59336731 146190926
326204827 4075320084 28261687
1502134302 3230759874 35464999
1431157111 868560455 70977191
2315952016 2579115195 227102616
1802159015 1532007317 265839104
2241952911 807268722 61291733
3297512098 497553830 309714892
852851251 4103581771 2643427
3252584902 3869047542 44927196
855494678 1377761067 122396779
2543054632 4106225198 139404427
2682459059 2278875941 300239254
803513580 4245629625 49337671
416760627 205527657 25158077
3800421807 2806217811 56322068
441918704 2862539879 305925882