2460553918 850437816 63304366
1259757436 1986466040 193004355
2879827793 2638634287 61837387
39629536 0 3143529
2160922553 2535779758 68016930
2523858284 922523353 36811379
52449107 1199799263 207670511
2692884203 2603796688 34837599
3755186617 147251641 492169035
3266515480 3620937477 292130997
1596851845 4077877285 217090011
2727721802 913742182 8781171
3055087322 3913068474 164808811
2228939483 2179470395 229525704
3668162112 1052896909 87024505
3219896133 1539684314 30399976
1510550909 1679599925 86300936
0 3143529 39629536
2560669663 1407469774 132214540
1452761791 1142010145 57789118
260119618 2700471674 920465803
3250296109 1036677538 16219371
1813941856 1026924408 9753130
4247355652 2488168114 47611644
1823694986 959334732 67589676
2831305507 639420676 48522286
2736502973 52449107 94802534
1180585421 2408996099 79172015
2941665180 1765900861 113422142
2458465187 1139921414 2088731
3558646477 1570084290 109515635
1891284662 687942962 162494854
2053779516 1879323003 107143037